To = 20;
m = 1.7;
Cv = 4200;
lambda = 80;
s = 0.05;
Tp = 13;
u = 230;
R = 25;
f = 30;
%%
To = 20;
m = 1.7;
Cv = 4200;
lambda = 80;
s = 0.05;
Tp = 100;
u = 0;
R = 25;
%%
To = 20;
m = 1.7;
Cv = 4200;
lambda = 80;
s = 0.05;
Tp = 10;
u = 230;
R = 25;
f = 50;
%%
To = 20;
m = 1.7;
Cv = 4200;
lambda = 80;
s = 0.05;
Tp = 15;
u = 110;
R = 25;
f = 60;
%%
To = 20;
m = 1.7;
Cv = 4200;
lambda = 80;
s = 0.05;
Tp = 26;
u = 24;
R = 25;
f = 60;